# temps x y
 0 50 50
 1 51 50
 2 51 51
 3 51 52
 4 51 53
 5 50 53
 6 49 53
 7 49 54
 8 49 55
 9 49 56
 10 48 56
 11 47 56
 12 47 57
 13 46 57
 14 46 58
 15 45 58
 16 44 58
 17 44 57
 18 43 57
 19 43 56
 20 42 56
 21 43 56
 22 43 57
 23 43 58
 24 42 58
 25 42 59
 26 41 59
 27 42 59
 28 42 60
 29 43 60
 30 42 60
 31 43 60
 32 43 59
 33 43 60
 34 43 59
 35 43 58
 36 43 59
 37 43 60
 38 44 60
 39 44 61
 40 44 62
 41 44 63
 42 43 63
 43 44 63
 44 44 64
 45 44 65
 46 44 66
 47 43 66
 48 43 65
 49 44 65
 50 44 64
 51 44 63
 52 44 64
 53 45 64
 54 46 64
 55 46 63
 56 46 64
 57 46 65
 58 46 66
 59 45 66
 60 46 66
 61 46 65
 62 47 65
 63 46 65
 64 46 64
 65 46 63
 66 45 63
 67 45 64
 68 45 65
 69 46 65
 70 46 64
 71 46 63
 72 46 64
 73 47 64
 74 47 63
 75 47 64
 76 47 65
 77 47 64
 78 47 63
 79 47 64
 80 47 63
 81 47 64
 82 47 65
 83 46 65
 84 47 65
 85 47 66
 86 46 66
 87 45 66
 88 44 66
 89 45 66
 90 46 66
 91 47 66
 92 46 66
 93 45 66
 94 46 66
 95 46 65
 96 46 66
 97 45 66
 98 45 65
 99 44 65
 100 45 65
 101 44 65
 102 44 64
 103 44 65
 104 43 65
 105 43 64
 106 43 65
 107 43 66
 108 43 67
 109 42 67
 110 41 67
 111 41 66
 112 40 66
 113 41 66
 114 40 66
 115 41 66
 116 40 66
 117 39 66
 118 39 65
 119 38 65
 120 38 64
